{
 "cells": [
  {
   "cell_type": "code",
   "execution_count": 1,
   "metadata": {},
   "outputs": [],
   "source": [
    "import numpy as np, pandas as pd"
   ]
  },
  {
   "cell_type": "code",
   "execution_count": 2,
   "metadata": {},
   "outputs": [
    {
     "data": {
      "text/html": [
       "<div>\n",
       "<style scoped>\n",
       "    .dataframe tbody tr th:only-of-type {\n",
       "        vertical-align: middle;\n",
       "    }\n",
       "\n",
       "    .dataframe tbody tr th {\n",
       "        vertical-align: top;\n",
       "    }\n",
       "\n",
       "    .dataframe thead th {\n",
       "        text-align: right;\n",
       "    }\n",
       "</style>\n",
       "<table border=\"1\" class=\"dataframe\">\n",
       "  <thead>\n",
       "    <tr style=\"text-align: right;\">\n",
       "      <th></th>\n",
       "      <th>label</th>\n",
       "      <th>review</th>\n",
       "    </tr>\n",
       "  </thead>\n",
       "  <tbody>\n",
       "    <tr>\n",
       "      <th>0</th>\n",
       "      <td>pos</td>\n",
       "      <td>Stuning even for the non-gamer: This sound tra...</td>\n",
       "    </tr>\n",
       "    <tr>\n",
       "      <th>1</th>\n",
       "      <td>pos</td>\n",
       "      <td>The best soundtrack ever to anything.: I'm rea...</td>\n",
       "    </tr>\n",
       "    <tr>\n",
       "      <th>2</th>\n",
       "      <td>pos</td>\n",
       "      <td>Amazing!: This soundtrack is my favorite music...</td>\n",
       "    </tr>\n",
       "    <tr>\n",
       "      <th>3</th>\n",
       "      <td>pos</td>\n",
       "      <td>Excellent Soundtrack: I truly like this soundt...</td>\n",
       "    </tr>\n",
       "    <tr>\n",
       "      <th>4</th>\n",
       "      <td>pos</td>\n",
       "      <td>Remember, Pull Your Jaw Off The Floor After He...</td>\n",
       "    </tr>\n",
       "    <tr>\n",
       "      <th>...</th>\n",
       "      <td>...</td>\n",
       "      <td>...</td>\n",
       "    </tr>\n",
       "    <tr>\n",
       "      <th>2979</th>\n",
       "      <td>neg</td>\n",
       "      <td>Not a good movie. Not for children.: Not recom...</td>\n",
       "    </tr>\n",
       "    <tr>\n",
       "      <th>2980</th>\n",
       "      <td>pos</td>\n",
       "      <td>movies on time: The movies get to me the same ...</td>\n",
       "    </tr>\n",
       "    <tr>\n",
       "      <th>2981</th>\n",
       "      <td>neg</td>\n",
       "      <td>No Special Features: First, the movie has incr...</td>\n",
       "    </tr>\n",
       "    <tr>\n",
       "      <th>2982</th>\n",
       "      <td>neg</td>\n",
       "      <td>Horrible.: The weakest link of the Transformer...</td>\n",
       "    </tr>\n",
       "    <tr>\n",
       "      <th>2983</th>\n",
       "      <td>neg</td>\n",
       "      <td>Horrible film: Horrible film that should be av...</td>\n",
       "    </tr>\n",
       "  </tbody>\n",
       "</table>\n",
       "<p>2984 rows × 2 columns</p>\n",
       "</div>"
      ],
      "text/plain": [
       "     label                                             review\n",
       "0      pos  Stuning even for the non-gamer: This sound tra...\n",
       "1      pos  The best soundtrack ever to anything.: I'm rea...\n",
       "2      pos  Amazing!: This soundtrack is my favorite music...\n",
       "3      pos  Excellent Soundtrack: I truly like this soundt...\n",
       "4      pos  Remember, Pull Your Jaw Off The Floor After He...\n",
       "...    ...                                                ...\n",
       "2979   neg  Not a good movie. Not for children.: Not recom...\n",
       "2980   pos  movies on time: The movies get to me the same ...\n",
       "2981   neg  No Special Features: First, the movie has incr...\n",
       "2982   neg  Horrible.: The weakest link of the Transformer...\n",
       "2983   neg  Horrible film: Horrible film that should be av...\n",
       "\n",
       "[2984 rows x 2 columns]"
      ]
     },
     "execution_count": 2,
     "metadata": {},
     "output_type": "execute_result"
    }
   ],
   "source": [
    "df = pd.read_csv('amazon_reviews.tsv', sep = '\\t')\n",
    "# or else: df = pd.read_table('amazon_reviews.tsv')\n",
    "df"
   ]
  },
  {
   "cell_type": "code",
   "execution_count": 3,
   "metadata": {},
   "outputs": [
    {
     "data": {
      "text/plain": [
       "neg    1574\n",
       "pos    1410\n",
       "Name: label, dtype: int64"
      ]
     },
     "execution_count": 3,
     "metadata": {},
     "output_type": "execute_result"
    }
   ],
   "source": [
    "df['label'].value_counts()"
   ]
  },
  {
   "cell_type": "code",
   "execution_count": 4,
   "metadata": {},
   "outputs": [],
   "source": [
    "import nltk"
   ]
  },
  {
   "cell_type": "code",
   "execution_count": 5,
   "metadata": {},
   "outputs": [
    {
     "name": "stderr",
     "output_type": "stream",
     "text": [
      "[nltk_data] Downloading package vader_lexicon to\n",
      "[nltk_data]     C:\\Users\\adity\\AppData\\Roaming\\nltk_data...\n",
      "[nltk_data]   Package vader_lexicon is already up-to-date!\n"
     ]
    },
    {
     "data": {
      "text/plain": [
       "True"
      ]
     },
     "execution_count": 5,
     "metadata": {},
     "output_type": "execute_result"
    }
   ],
   "source": [
    "nltk.download('vader_lexicon')"
   ]
  },
  {
   "cell_type": "code",
   "execution_count": 6,
   "metadata": {},
   "outputs": [],
   "source": [
    "from nltk.sentiment.vader import SentimentIntensityAnalyzer\n",
    "sia = SentimentIntensityAnalyzer()"
   ]
  },
  {
   "cell_type": "markdown",
   "metadata": {},
   "source": [
    "#### Demonstration:"
   ]
  },
  {
   "cell_type": "code",
   "execution_count": 7,
   "metadata": {},
   "outputs": [
    {
     "data": {
      "text/plain": [
       "{'neg': 0.0, 'neu': 0.0, 'pos': 1.0, 'compound': 0.5826}"
      ]
     },
     "execution_count": 7,
     "metadata": {},
     "output_type": "execute_result"
    }
   ],
   "source": [
    "sia.polarity_scores('Good!!!')"
   ]
  },
  {
   "cell_type": "markdown",
   "metadata": {},
   "source": [
    "## Implementation:"
   ]
  },
  {
   "cell_type": "code",
   "execution_count": 8,
   "metadata": {},
   "outputs": [
    {
     "data": {
      "text/plain": [
       "[{'neg': 0.088, 'neu': 0.669, 'pos': 0.243, 'compound': 0.9454},\n",
       " {'neg': 0.018, 'neu': 0.837, 'pos': 0.145, 'compound': 0.8957},\n",
       " {'neg': 0.04, 'neu': 0.692, 'pos': 0.268, 'compound': 0.9858},\n",
       " {'neg': 0.09, 'neu': 0.615, 'pos': 0.295, 'compound': 0.9814},\n",
       " {'neg': 0.0, 'neu': 0.746, 'pos': 0.254, 'compound': 0.9781},\n",
       " {'neg': 0.014, 'neu': 0.737, 'pos': 0.249, 'compound': 0.99},\n",
       " {'neg': 0.124, 'neu': 0.806, 'pos': 0.069, 'compound': -0.8744},\n",
       " {'neg': 0.072, 'neu': 0.583, 'pos': 0.346, 'compound': 0.99},\n",
       " {'neg': 0.113, 'neu': 0.712, 'pos': 0.174, 'compound': 0.8353},\n",
       " {'neg': 0.033, 'neu': 0.777, 'pos': 0.19, 'compound': 0.8196},\n",
       " {'neg': 0.36, 'neu': 0.586, 'pos': 0.054, 'compound': -0.9274},\n",
       " {'neg': 0.0, 'neu': 0.836, 'pos': 0.164, 'compound': 0.9538},\n",
       " {'neg': 0.044, 'neu': 0.554, 'pos': 0.402, 'compound': 0.985},\n",
       " {'neg': 0.077, 'neu': 0.723, 'pos': 0.199, 'compound': 0.9097},\n",
       " {'neg': 0.171, 'neu': 0.755, 'pos': 0.074, 'compound': -0.9312},\n",
       " {'neg': 0.105, 'neu': 0.832, 'pos': 0.063, 'compound': -0.5414},\n",
       " {'neg': 0.021, 'neu': 0.818, 'pos': 0.161, 'compound': 0.9454},\n",
       " {'neg': 0.11, 'neu': 0.754, 'pos': 0.136, 'compound': 0.5182},\n",
       " {'neg': 0.064, 'neu': 0.771, 'pos': 0.165, 'compound': 0.7787},\n",
       " {'neg': 0.0, 'neu': 0.935, 'pos': 0.065, 'compound': 0.4926},\n",
       " {'neg': 0.134, 'neu': 0.696, 'pos': 0.17, 'compound': 0.6318},\n",
       " {'neg': 0.034, 'neu': 0.832, 'pos': 0.134, 'compound': 0.9439},\n",
       " {'neg': 0.037, 'neu': 0.819, 'pos': 0.145, 'compound': 0.9667},\n",
       " {'neg': 0.0, 'neu': 0.81, 'pos': 0.19, 'compound': 0.9815},\n",
       " {'neg': 0.0, 'neu': 0.775, 'pos': 0.225, 'compound': 0.8979},\n",
       " {'neg': 0.149, 'neu': 0.761, 'pos': 0.09, 'compound': -0.7845},\n",
       " {'neg': 0.092, 'neu': 0.828, 'pos': 0.08, 'compound': -0.0857},\n",
       " {'neg': 0.085, 'neu': 0.915, 'pos': 0.0, 'compound': -0.5017},\n",
       " {'neg': 0.047, 'neu': 0.839, 'pos': 0.114, 'compound': 0.6486},\n",
       " {'neg': 0.058, 'neu': 0.815, 'pos': 0.127, 'compound': 0.9176},\n",
       " {'neg': 0.082, 'neu': 0.898, 'pos': 0.02, 'compound': -0.7433},\n",
       " {'neg': 0.0, 'neu': 0.917, 'pos': 0.083, 'compound': 0.9015},\n",
       " {'neg': 0.136, 'neu': 0.864, 'pos': 0.0, 'compound': -0.8345},\n",
       " {'neg': 0.009, 'neu': 0.79, 'pos': 0.201, 'compound': 0.9896},\n",
       " {'neg': 0.05, 'neu': 0.816, 'pos': 0.135, 'compound': 0.4434},\n",
       " {'neg': 0.094, 'neu': 0.732, 'pos': 0.174, 'compound': 0.8513},\n",
       " {'neg': 0.08, 'neu': 0.774, 'pos': 0.147, 'compound': 0.8219},\n",
       " {'neg': 0.0, 'neu': 0.688, 'pos': 0.312, 'compound': 0.9824},\n",
       " {'neg': 0.0, 'neu': 0.892, 'pos': 0.108, 'compound': 0.5951},\n",
       " {'neg': 0.092, 'neu': 0.812, 'pos': 0.096, 'compound': 0.0892},\n",
       " {'neg': 0.049, 'neu': 0.839, 'pos': 0.112, 'compound': 0.6177},\n",
       " {'neg': 0.043, 'neu': 0.905, 'pos': 0.052, 'compound': 0.5479},\n",
       " {'neg': 0.0, 'neu': 0.789, 'pos': 0.211, 'compound': 0.8402},\n",
       " {'neg': 0.051, 'neu': 0.888, 'pos': 0.062, 'compound': -0.1027},\n",
       " {'neg': 0.0, 'neu': 0.886, 'pos': 0.114, 'compound': 0.4019},\n",
       " {'neg': 0.0, 'neu': 0.897, 'pos': 0.103, 'compound': 0.7717},\n",
       " {'neg': 0.134, 'neu': 0.847, 'pos': 0.019, 'compound': -0.8688},\n",
       " {'neg': 0.047, 'neu': 0.796, 'pos': 0.157, 'compound': 0.9025},\n",
       " {'neg': 0.167, 'neu': 0.833, 'pos': 0.0, 'compound': -0.8405},\n",
       " {'neg': 0.072, 'neu': 0.897, 'pos': 0.031, 'compound': -0.6226},\n",
       " {'neg': 0.0, 'neu': 0.741, 'pos': 0.259, 'compound': 0.8979},\n",
       " {'neg': 0.067, 'neu': 0.799, 'pos': 0.133, 'compound': 0.8288},\n",
       " {'neg': 0.158, 'neu': 0.812, 'pos': 0.031, 'compound': -0.8844},\n",
       " {'neg': 0.0, 'neu': 0.642, 'pos': 0.358, 'compound': 0.9884},\n",
       " {'neg': 0.114, 'neu': 0.836, 'pos': 0.05, 'compound': -0.3239},\n",
       " {'neg': 0.141, 'neu': 0.739, 'pos': 0.121, 'compound': -0.378},\n",
       " {'neg': 0.045, 'neu': 0.857, 'pos': 0.098, 'compound': 0.5984},\n",
       " {'neg': 0.035, 'neu': 0.935, 'pos': 0.03, 'compound': -0.0731},\n",
       " {'neg': 0.048, 'neu': 0.719, 'pos': 0.233, 'compound': 0.7506},\n",
       " {'neg': 0.158, 'neu': 0.842, 'pos': 0.0, 'compound': -0.6858},\n",
       " {'neg': 0.08, 'neu': 0.809, 'pos': 0.111, 'compound': 0.3695},\n",
       " {'neg': 0.089, 'neu': 0.849, 'pos': 0.062, 'compound': -0.1327},\n",
       " {'neg': 0.144, 'neu': 0.793, 'pos': 0.063, 'compound': -0.9005},\n",
       " {'neg': 0.039, 'neu': 0.94, 'pos': 0.021, 'compound': -0.3612},\n",
       " {'neg': 0.04, 'neu': 0.893, 'pos': 0.066, 'compound': 0.2023},\n",
       " {'neg': 0.066, 'neu': 0.91, 'pos': 0.024, 'compound': -0.6369},\n",
       " {'neg': 0.015, 'neu': 0.669, 'pos': 0.316, 'compound': 0.9854},\n",
       " {'neg': 0.024, 'neu': 0.609, 'pos': 0.367, 'compound': 0.9819},\n",
       " {'neg': 0.054, 'neu': 0.689, 'pos': 0.257, 'compound': 0.9558},\n",
       " {'neg': 0.0, 'neu': 0.606, 'pos': 0.394, 'compound': 0.9852},\n",
       " {'neg': 0.102, 'neu': 0.761, 'pos': 0.137, 'compound': 0.3948},\n",
       " {'neg': 0.178, 'neu': 0.766, 'pos': 0.056, 'compound': -0.9717},\n",
       " {'neg': 0.055, 'neu': 0.76, 'pos': 0.186, 'compound': 0.5244},\n",
       " {'neg': 0.034, 'neu': 0.831, 'pos': 0.135, 'compound': 0.9427},\n",
       " {'neg': 0.063, 'neu': 0.79, 'pos': 0.146, 'compound': 0.8125},\n",
       " {'neg': 0.113, 'neu': 0.802, 'pos': 0.085, 'compound': -0.4101},\n",
       " {'neg': 0.048, 'neu': 0.875, 'pos': 0.078, 'compound': 0.6586},\n",
       " {'neg': 0.0, 'neu': 0.563, 'pos': 0.437, 'compound': 0.9042},\n",
       " {'neg': 0.344, 'neu': 0.559, 'pos': 0.097, 'compound': -0.8118},\n",
       " {'neg': 0.152, 'neu': 0.695, 'pos': 0.152, 'compound': -0.0752},\n",
       " {'neg': 0.068, 'neu': 0.836, 'pos': 0.096, 'compound': 0.5927},\n",
       " {'neg': 0.092, 'neu': 0.687, 'pos': 0.221, 'compound': 0.9823},\n",
       " {'neg': 0.052, 'neu': 0.817, 'pos': 0.131, 'compound': 0.6705},\n",
       " {'neg': 0.0, 'neu': 0.779, 'pos': 0.221, 'compound': 0.7783},\n",
       " {'neg': 0.0, 'neu': 0.846, 'pos': 0.154, 'compound': 0.6369},\n",
       " {'neg': 0.0, 'neu': 0.683, 'pos': 0.317, 'compound': 0.9775},\n",
       " {'neg': 0.225, 'neu': 0.69, 'pos': 0.085, 'compound': -0.6486},\n",
       " {'neg': 0.0, 'neu': 0.855, 'pos': 0.145, 'compound': 0.6808},\n",
       " {'neg': 0.082, 'neu': 0.877, 'pos': 0.041, 'compound': -0.6391},\n",
       " {'neg': 0.076, 'neu': 0.82, 'pos': 0.104, 'compound': 0.4357},\n",
       " {'neg': 0.109, 'neu': 0.739, 'pos': 0.152, 'compound': 0.5457},\n",
       " {'neg': 0.029, 'neu': 0.909, 'pos': 0.062, 'compound': 0.7312},\n",
       " {'neg': 0.018, 'neu': 0.737, 'pos': 0.246, 'compound': 0.9499},\n",
       " {'neg': 0.147, 'neu': 0.813, 'pos': 0.039, 'compound': -0.8176},\n",
       " {'neg': 0.0, 'neu': 0.629, 'pos': 0.371, 'compound': 0.9566},\n",
       " {'neg': 0.091, 'neu': 0.804, 'pos': 0.105, 'compound': -0.0231},\n",
       " {'neg': 0.0, 'neu': 0.638, 'pos': 0.362, 'compound': 0.9273},\n",
       " {'neg': 0.129, 'neu': 0.751, 'pos': 0.121, 'compound': -0.3182},\n",
       " {'neg': 0.0, 'neu': 0.756, 'pos': 0.244, 'compound': 0.8268},\n",
       " {'neg': 0.0, 'neu': 1.0, 'pos': 0.0, 'compound': 0.0},\n",
       " {'neg': 0.0, 'neu': 0.68, 'pos': 0.32, 'compound': 0.765},\n",
       " {'neg': 0.023, 'neu': 0.718, 'pos': 0.259, 'compound': 0.9909},\n",
       " {'neg': 0.048, 'neu': 0.769, 'pos': 0.183, 'compound': 0.9305},\n",
       " {'neg': 0.184, 'neu': 0.741, 'pos': 0.075, 'compound': -0.9571},\n",
       " {'neg': 0.204, 'neu': 0.757, 'pos': 0.039, 'compound': -0.802},\n",
       " {'neg': 0.151, 'neu': 0.849, 'pos': 0.0, 'compound': -0.6697},\n",
       " {'neg': 0.014, 'neu': 0.797, 'pos': 0.189, 'compound': 0.9653},\n",
       " {'neg': 0.168, 'neu': 0.751, 'pos': 0.081, 'compound': -0.7862},\n",
       " {'neg': 0.134, 'neu': 0.818, 'pos': 0.048, 'compound': -0.6222},\n",
       " {'neg': 0.036, 'neu': 0.68, 'pos': 0.283, 'compound': 0.8718},\n",
       " {'neg': 0.024, 'neu': 0.809, 'pos': 0.167, 'compound': 0.9829},\n",
       " {'neg': 0.0, 'neu': 0.745, 'pos': 0.255, 'compound': 0.9406},\n",
       " {'neg': 0.09, 'neu': 0.6, 'pos': 0.31, 'compound': 0.8999},\n",
       " {'neg': 0.0, 'neu': 0.687, 'pos': 0.313, 'compound': 0.9337},\n",
       " {'neg': 0.0, 'neu': 0.783, 'pos': 0.217, 'compound': 0.8016},\n",
       " {'neg': 0.075, 'neu': 0.897, 'pos': 0.029, 'compound': -0.5696},\n",
       " {'neg': 0.0, 'neu': 0.649, 'pos': 0.351, 'compound': 0.9852},\n",
       " {'neg': 0.081, 'neu': 0.82, 'pos': 0.099, 'compound': 0.1263},\n",
       " {'neg': 0.058, 'neu': 0.836, 'pos': 0.106, 'compound': 0.761},\n",
       " {'neg': 0.031, 'neu': 0.832, 'pos': 0.137, 'compound': 0.8792},\n",
       " {'neg': 0.071, 'neu': 0.661, 'pos': 0.267, 'compound': 0.9764},\n",
       " {'neg': 0.0, 'neu': 0.765, 'pos': 0.235, 'compound': 0.9042},\n",
       " {'neg': 0.043, 'neu': 0.841, 'pos': 0.115, 'compound': 0.3898},\n",
       " {'neg': 0.062, 'neu': 0.938, 'pos': 0.0, 'compound': -0.4184},\n",
       " {'neg': 0.0, 'neu': 0.833, 'pos': 0.167, 'compound': 0.959},\n",
       " {'neg': 0.108, 'neu': 0.737, 'pos': 0.154, 'compound': 0.6808},\n",
       " {'neg': 0.093, 'neu': 0.777, 'pos': 0.13, 'compound': 0.6245},\n",
       " {'neg': 0.0, 'neu': 0.745, 'pos': 0.255, 'compound': 0.9062},\n",
       " {'neg': 0.138, 'neu': 0.782, 'pos': 0.08, 'compound': -0.2144},\n",
       " {'neg': 0.0, 'neu': 0.691, 'pos': 0.309, 'compound': 0.9347},\n",
       " {'neg': 0.0, 'neu': 0.945, 'pos': 0.055, 'compound': 0.3071},\n",
       " {'neg': 0.0, 'neu': 0.882, 'pos': 0.118, 'compound': 0.7778},\n",
       " {'neg': 0.095, 'neu': 0.759, 'pos': 0.146, 'compound': 0.6761},\n",
       " {'neg': 0.0, 'neu': 0.854, 'pos': 0.146, 'compound': 0.7708},\n",
       " {'neg': 0.116, 'neu': 0.804, 'pos': 0.08, 'compound': -0.7135},\n",
       " {'neg': 0.0, 'neu': 0.637, 'pos': 0.363, 'compound': 0.918},\n",
       " {'neg': 0.113, 'neu': 0.783, 'pos': 0.104, 'compound': -0.309},\n",
       " {'neg': 0.035, 'neu': 0.759, 'pos': 0.206, 'compound': 0.9381},\n",
       " {'neg': 0.113, 'neu': 0.787, 'pos': 0.099, 'compound': -0.25},\n",
       " {'neg': 0.015, 'neu': 0.865, 'pos': 0.12, 'compound': 0.954},\n",
       " {'neg': 0.056, 'neu': 0.854, 'pos': 0.09, 'compound': 0.5816},\n",
       " {'neg': 0.0, 'neu': 0.692, 'pos': 0.308, 'compound': 0.9544},\n",
       " {'neg': 0.076, 'neu': 0.721, 'pos': 0.203, 'compound': 0.9187},\n",
       " {'neg': 0.0, 'neu': 0.574, 'pos': 0.426, 'compound': 0.9118},\n",
       " {'neg': 0.079, 'neu': 0.785, 'pos': 0.135, 'compound': 0.7173},\n",
       " {'neg': 0.082, 'neu': 0.721, 'pos': 0.196, 'compound': 0.8341},\n",
       " {'neg': 0.101, 'neu': 0.796, 'pos': 0.103, 'compound': -0.141},\n",
       " {'neg': 0.09, 'neu': 0.813, 'pos': 0.097, 'compound': -0.128},\n",
       " {'neg': 0.022, 'neu': 0.761, 'pos': 0.217, 'compound': 0.9366},\n",
       " {'neg': 0.071, 'neu': 0.653, 'pos': 0.276, 'compound': 0.875},\n",
       " {'neg': 0.036, 'neu': 0.897, 'pos': 0.067, 'compound': 0.3616},\n",
       " {'neg': 0.094, 'neu': 0.851, 'pos': 0.056, 'compound': -0.5918},\n",
       " {'neg': 0.096, 'neu': 0.725, 'pos': 0.179, 'compound': 0.867},\n",
       " {'neg': 0.057, 'neu': 0.81, 'pos': 0.133, 'compound': 0.6996},\n",
       " {'neg': 0.156, 'neu': 0.804, 'pos': 0.04, 'compound': -0.829},\n",
       " {'neg': 0.0, 'neu': 0.798, 'pos': 0.202, 'compound': 0.9167},\n",
       " {'neg': 0.038, 'neu': 0.893, 'pos': 0.069, 'compound': 0.5423},\n",
       " {'neg': 0.176, 'neu': 0.683, 'pos': 0.14, 'compound': -0.8151},\n",
       " {'neg': 0.029, 'neu': 0.839, 'pos': 0.132, 'compound': 0.9178},\n",
       " {'neg': 0.0, 'neu': 0.76, 'pos': 0.24, 'compound': 0.9217},\n",
       " {'neg': 0.05, 'neu': 0.804, 'pos': 0.146, 'compound': 0.7816},\n",
       " {'neg': 0.032, 'neu': 0.832, 'pos': 0.136, 'compound': 0.9571},\n",
       " {'neg': 0.1, 'neu': 0.777, 'pos': 0.123, 'compound': 0.7087},\n",
       " {'neg': 0.052, 'neu': 0.734, 'pos': 0.215, 'compound': 0.7902},\n",
       " {'neg': 0.022, 'neu': 0.629, 'pos': 0.349, 'compound': 0.9745},\n",
       " {'neg': 0.062, 'neu': 0.794, 'pos': 0.144, 'compound': 0.9649},\n",
       " {'neg': 0.043, 'neu': 0.783, 'pos': 0.174, 'compound': 0.784},\n",
       " {'neg': 0.0, 'neu': 0.636, 'pos': 0.364, 'compound': 0.9117},\n",
       " {'neg': 0.095, 'neu': 0.631, 'pos': 0.274, 'compound': 0.9777},\n",
       " {'neg': 0.066, 'neu': 0.527, 'pos': 0.407, 'compound': 0.9391},\n",
       " {'neg': 0.149, 'neu': 0.692, 'pos': 0.159, 'compound': 0.3802},\n",
       " {'neg': 0.034, 'neu': 0.625, 'pos': 0.341, 'compound': 0.9531},\n",
       " {'neg': 0.159, 'neu': 0.551, 'pos': 0.289, 'compound': 0.8021},\n",
       " {'neg': 0.115, 'neu': 0.781, 'pos': 0.104, 'compound': 0.2312},\n",
       " {'neg': 0.095, 'neu': 0.905, 'pos': 0.0, 'compound': -0.5803},\n",
       " {'neg': 0.0, 'neu': 0.74, 'pos': 0.26, 'compound': 0.8316},\n",
       " {'neg': 0.0, 'neu': 1.0, 'pos': 0.0, 'compound': 0.0},\n",
       " {'neg': 0.0, 'neu': 0.897, 'pos': 0.103, 'compound': 0.7906},\n",
       " {'neg': 0.0, 'neu': 0.772, 'pos': 0.228, 'compound': 0.9636},\n",
       " {'neg': 0.052, 'neu': 0.811, 'pos': 0.137, 'compound': 0.6249},\n",
       " {'neg': 0.258, 'neu': 0.627, 'pos': 0.115, 'compound': -0.93},\n",
       " {'neg': 0.094, 'neu': 0.784, 'pos': 0.122, 'compound': 0.3182},\n",
       " {'neg': 0.0, 'neu': 0.935, 'pos': 0.065, 'compound': 0.5994},\n",
       " {'neg': 0.099, 'neu': 0.823, 'pos': 0.078, 'compound': -0.503},\n",
       " {'neg': 0.111, 'neu': 0.71, 'pos': 0.179, 'compound': 0.9162},\n",
       " {'neg': 0.093, 'neu': 0.695, 'pos': 0.212, 'compound': 0.9313},\n",
       " {'neg': 0.121, 'neu': 0.556, 'pos': 0.323, 'compound': 0.6336},\n",
       " {'neg': 0.192, 'neu': 0.638, 'pos': 0.17, 'compound': -0.2748},\n",
       " {'neg': 0.101, 'neu': 0.844, 'pos': 0.055, 'compound': -0.4988},\n",
       " {'neg': 0.152, 'neu': 0.719, 'pos': 0.129, 'compound': -0.6369},\n",
       " {'neg': 0.196, 'neu': 0.691, 'pos': 0.113, 'compound': -0.9283},\n",
       " {'neg': 0.0, 'neu': 0.901, 'pos': 0.099, 'compound': 0.9392},\n",
       " {'neg': 0.064, 'neu': 0.76, 'pos': 0.176, 'compound': 0.8873},\n",
       " {'neg': 0.0, 'neu': 0.864, 'pos': 0.136, 'compound': 0.8442},\n",
       " {'neg': 0.0, 'neu': 0.754, 'pos': 0.246, 'compound': 0.886},\n",
       " {'neg': 0.038, 'neu': 0.427, 'pos': 0.536, 'compound': 0.9855},\n",
       " {'neg': 0.066, 'neu': 0.786, 'pos': 0.149, 'compound': 0.7275},\n",
       " {'neg': 0.024, 'neu': 0.89, 'pos': 0.086, 'compound': 0.5574},\n",
       " {'neg': 0.064, 'neu': 0.81, 'pos': 0.126, 'compound': 0.3818},\n",
       " {'neg': 0.088, 'neu': 0.771, 'pos': 0.141, 'compound': 0.211},\n",
       " {'neg': 0.126, 'neu': 0.787, 'pos': 0.087, 'compound': -0.4325},\n",
       " {'neg': 0.039, 'neu': 0.886, 'pos': 0.075, 'compound': 0.5635},\n",
       " {'neg': 0.087, 'neu': 0.884, 'pos': 0.029, 'compound': -0.6046},\n",
       " {'neg': 0.101, 'neu': 0.773, 'pos': 0.126, 'compound': 0.4881},\n",
       " {'neg': 0.112, 'neu': 0.888, 'pos': 0.0, 'compound': -0.3412},\n",
       " {'neg': 0.0, 'neu': 0.902, 'pos': 0.098, 'compound': 0.5719},\n",
       " {'neg': 0.144, 'neu': 0.741, 'pos': 0.116, 'compound': -0.296},\n",
       " {'neg': 0.06, 'neu': 0.85, 'pos': 0.09, 'compound': 0.4621},\n",
       " {'neg': 0.185, 'neu': 0.768, 'pos': 0.047, 'compound': -0.9484},\n",
       " {'neg': 0.031, 'neu': 0.77, 'pos': 0.198, 'compound': 0.9288},\n",
       " {'neg': 0.095, 'neu': 0.594, 'pos': 0.311, 'compound': 0.9604},\n",
       " {'neg': 0.0, 'neu': 0.673, 'pos': 0.327, 'compound': 0.9861},\n",
       " {'neg': 0.062, 'neu': 0.84, 'pos': 0.097, 'compound': 0.3186},\n",
       " {'neg': 0.073, 'neu': 0.855, 'pos': 0.073, 'compound': -0.2467},\n",
       " {'neg': 0.089, 'neu': 0.819, 'pos': 0.091, 'compound': 0.0516},\n",
       " {'neg': 0.147, 'neu': 0.673, 'pos': 0.18, 'compound': 0.6989},\n",
       " {'neg': 0.086, 'neu': 0.773, 'pos': 0.141, 'compound': 0.6369},\n",
       " {'neg': 0.21, 'neu': 0.728, 'pos': 0.063, 'compound': -0.9061},\n",
       " {'neg': 0.065, 'neu': 0.598, 'pos': 0.337, 'compound': 0.9874},\n",
       " {'neg': 0.049, 'neu': 0.758, 'pos': 0.193, 'compound': 0.9389},\n",
       " {'neg': 0.014, 'neu': 0.855, 'pos': 0.131, 'compound': 0.9325},\n",
       " {'neg': 0.054, 'neu': 0.847, 'pos': 0.099, 'compound': 0.654},\n",
       " {'neg': 0.0, 'neu': 0.862, 'pos': 0.138, 'compound': 0.6647},\n",
       " {'neg': 0.081, 'neu': 0.695, 'pos': 0.223, 'compound': 0.8104},\n",
       " {'neg': 0.074, 'neu': 0.876, 'pos': 0.05, 'compound': -0.3989},\n",
       " {'neg': 0.071, 'neu': 0.877, 'pos': 0.052, 'compound': -0.5702},\n",
       " {'neg': 0.054, 'neu': 0.874, 'pos': 0.072, 'compound': 0.0083},\n",
       " {'neg': 0.063, 'neu': 0.937, 'pos': 0.0, 'compound': -0.3404},\n",
       " {'neg': 0.0, 'neu': 0.957, 'pos': 0.043, 'compound': 0.2905},\n",
       " {'neg': 0.023, 'neu': 0.741, 'pos': 0.236, 'compound': 0.9936},\n",
       " {'neg': 0.0, 'neu': 0.739, 'pos': 0.261, 'compound': 0.9132},\n",
       " {'neg': 0.117, 'neu': 0.467, 'pos': 0.416, 'compound': 0.9875},\n",
       " {'neg': 0.048, 'neu': 0.674, 'pos': 0.279, 'compound': 0.9469},\n",
       " {'neg': 0.077, 'neu': 0.76, 'pos': 0.163, 'compound': 0.8309},\n",
       " {'neg': 0.0, 'neu': 0.854, 'pos': 0.146, 'compound': 0.9616},\n",
       " {'neg': 0.017, 'neu': 0.781, 'pos': 0.202, 'compound': 0.9738},\n",
       " {'neg': 0.051, 'neu': 0.516, 'pos': 0.432, 'compound': 0.9784},\n",
       " {'neg': 0.027, 'neu': 0.778, 'pos': 0.195, 'compound': 0.9523},\n",
       " {'neg': 0.037, 'neu': 0.794, 'pos': 0.169, 'compound': 0.8455},\n",
       " {'neg': 0.02, 'neu': 0.791, 'pos': 0.189, 'compound': 0.9686},\n",
       " {'neg': 0.035, 'neu': 0.821, 'pos': 0.144, 'compound': 0.8037},\n",
       " {'neg': 0.055, 'neu': 0.818, 'pos': 0.128, 'compound': 0.8332},\n",
       " {'neg': 0.06, 'neu': 0.915, 'pos': 0.025, 'compound': -0.4404},\n",
       " {'neg': 0.0, 'neu': 0.751, 'pos': 0.249, 'compound': 0.7157},\n",
       " {'neg': 0.099, 'neu': 0.886, 'pos': 0.015, 'compound': -0.8976},\n",
       " {'neg': 0.065, 'neu': 0.762, 'pos': 0.173, 'compound': 0.9529},\n",
       " {'neg': 0.089, 'neu': 0.807, 'pos': 0.104, 'compound': -0.1723},\n",
       " {'neg': 0.045, 'neu': 0.875, 'pos': 0.08, 'compound': 0.5329},\n",
       " {'neg': 0.014, 'neu': 0.8, 'pos': 0.186, 'compound': 0.9682},\n",
       " {'neg': 0.016, 'neu': 0.72, 'pos': 0.264, 'compound': 0.9941},\n",
       " {'neg': 0.0, 'neu': 0.827, 'pos': 0.173, 'compound': 0.5859},\n",
       " {'neg': 0.065, 'neu': 0.751, 'pos': 0.184, 'compound': 0.5411},\n",
       " {'neg': 0.161, 'neu': 0.657, 'pos': 0.182, 'compound': 0.4129},\n",
       " {'neg': 0.056, 'neu': 0.868, 'pos': 0.076, 'compound': 0.2964},\n",
       " {'neg': 0.138, 'neu': 0.836, 'pos': 0.025, 'compound': -0.9534},\n",
       " {'neg': 0.054, 'neu': 0.925, 'pos': 0.02, 'compound': -0.4812},\n",
       " {'neg': 0.116, 'neu': 0.884, 'pos': 0.0, 'compound': -0.6124},\n",
       " {'neg': 0.331, 'neu': 0.669, 'pos': 0.0, 'compound': -0.872},\n",
       " {'neg': 0.152, 'neu': 0.791, 'pos': 0.057, 'compound': -0.828},\n",
       " {'neg': 0.063, 'neu': 0.882, 'pos': 0.055, 'compound': -0.1313},\n",
       " {'neg': 0.107, 'neu': 0.686, 'pos': 0.207, 'compound': 0.7401},\n",
       " {'neg': 0.108, 'neu': 0.861, 'pos': 0.031, 'compound': -0.6523},\n",
       " {'neg': 0.0, 'neu': 0.768, 'pos': 0.232, 'compound': 0.891},\n",
       " {'neg': 0.065, 'neu': 0.935, 'pos': 0.0, 'compound': -0.3919},\n",
       " {'neg': 0.12, 'neu': 0.779, 'pos': 0.1, 'compound': -0.4939},\n",
       " {'neg': 0.147, 'neu': 0.788, 'pos': 0.065, 'compound': -0.6216},\n",
       " {'neg': 0.146, 'neu': 0.767, 'pos': 0.087, 'compound': -0.1779},\n",
       " {'neg': 0.089, 'neu': 0.799, 'pos': 0.112, 'compound': 0.2732},\n",
       " {'neg': 0.212, 'neu': 0.788, 'pos': 0.0, 'compound': -0.7193},\n",
       " {'neg': 0.172, 'neu': 0.632, 'pos': 0.196, 'compound': 0.1761},\n",
       " {'neg': 0.035, 'neu': 0.811, 'pos': 0.154, 'compound': 0.7919},\n",
       " {'neg': 0.112, 'neu': 0.806, 'pos': 0.082, 'compound': -0.5028},\n",
       " {'neg': 0.107, 'neu': 0.876, 'pos': 0.017, 'compound': -0.9013},\n",
       " {'neg': 0.107, 'neu': 0.58, 'pos': 0.313, 'compound': 0.9107},\n",
       " {'neg': 0.169, 'neu': 0.768, 'pos': 0.063, 'compound': -0.9246},\n",
       " {'neg': 0.065, 'neu': 0.653, 'pos': 0.281, 'compound': 0.9786},\n",
       " {'neg': 0.023, 'neu': 0.629, 'pos': 0.348, 'compound': 0.9873},\n",
       " {'neg': 0.0, 'neu': 0.82, 'pos': 0.18, 'compound': 0.9743},\n",
       " {'neg': 0.0, 'neu': 0.741, 'pos': 0.259, 'compound': 0.9936},\n",
       " {'neg': 0.0, 'neu': 0.614, 'pos': 0.386, 'compound': 0.9944},\n",
       " {'neg': 0.0, 'neu': 0.642, 'pos': 0.358, 'compound': 0.9796},\n",
       " {'neg': 0.02, 'neu': 0.761, 'pos': 0.219, 'compound': 0.9458},\n",
       " {'neg': 0.033, 'neu': 0.798, 'pos': 0.169, 'compound': 0.9207},\n",
       " {'neg': 0.088, 'neu': 0.503, 'pos': 0.409, 'compound': 0.8807},\n",
       " {'neg': 0.095, 'neu': 0.835, 'pos': 0.07, 'compound': -0.338},\n",
       " {'neg': 0.1, 'neu': 0.718, 'pos': 0.182, 'compound': 0.9388},\n",
       " {'neg': 0.03, 'neu': 0.737, 'pos': 0.233, 'compound': 0.9802},\n",
       " {'neg': 0.035, 'neu': 0.746, 'pos': 0.219, 'compound': 0.9729},\n",
       " {'neg': 0.156, 'neu': 0.788, 'pos': 0.056, 'compound': -0.5916},\n",
       " {'neg': 0.051, 'neu': 0.856, 'pos': 0.093, 'compound': 0.698},\n",
       " {'neg': 0.0, 'neu': 0.933, 'pos': 0.067, 'compound': 0.3506},\n",
       " {'neg': 0.051, 'neu': 0.831, 'pos': 0.118, 'compound': 0.7783},\n",
       " {'neg': 0.181, 'neu': 0.639, 'pos': 0.181, 'compound': -0.0056},\n",
       " {'neg': 0.09, 'neu': 0.834, 'pos': 0.076, 'compound': 0.1298},\n",
       " {'neg': 0.078, 'neu': 0.695, 'pos': 0.228, 'compound': 0.9474},\n",
       " {'neg': 0.0, 'neu': 0.767, 'pos': 0.233, 'compound': 0.7717},\n",
       " {'neg': 0.044, 'neu': 0.842, 'pos': 0.114, 'compound': 0.7621},\n",
       " {'neg': 0.059, 'neu': 0.777, 'pos': 0.165, 'compound': 0.9233},\n",
       " {'neg': 0.116, 'neu': 0.736, 'pos': 0.148, 'compound': 0.2023},\n",
       " {'neg': 0.097, 'neu': 0.814, 'pos': 0.088, 'compound': -0.1027},\n",
       " {'neg': 0.227, 'neu': 0.64, 'pos': 0.132, 'compound': -0.5574},\n",
       " {'neg': 0.235, 'neu': 0.692, 'pos': 0.073, 'compound': -0.828},\n",
       " {'neg': 0.051, 'neu': 0.867, 'pos': 0.082, 'compound': 0.3798},\n",
       " {'neg': 0.0, 'neu': 0.754, 'pos': 0.246, 'compound': 0.9947},\n",
       " {'neg': 0.0, 'neu': 0.806, 'pos': 0.194, 'compound': 0.8957},\n",
       " {'neg': 0.189, 'neu': 0.781, 'pos': 0.031, 'compound': -0.9866},\n",
       " {'neg': 0.0, 'neu': 1.0, 'pos': 0.0, 'compound': 0.0},\n",
       " {'neg': 0.033, 'neu': 0.574, 'pos': 0.394, 'compound': 0.9768},\n",
       " {'neg': 0.0, 'neu': 0.817, 'pos': 0.183, 'compound': 0.8481},\n",
       " {'neg': 0.0, 'neu': 0.81, 'pos': 0.19, 'compound': 0.9776},\n",
       " {'neg': 0.018, 'neu': 0.685, 'pos': 0.297, 'compound': 0.9865},\n",
       " {'neg': 0.03, 'neu': 0.829, 'pos': 0.14, 'compound': 0.8833},\n",
       " {'neg': 0.0, 'neu': 0.643, 'pos': 0.357, 'compound': 0.9492},\n",
       " {'neg': 0.0, 'neu': 0.729, 'pos': 0.271, 'compound': 0.9798},\n",
       " {'neg': 0.109, 'neu': 0.772, 'pos': 0.119, 'compound': 0.1759},\n",
       " {'neg': 0.04, 'neu': 0.727, 'pos': 0.233, 'compound': 0.9665},\n",
       " {'neg': 0.0, 'neu': 0.951, 'pos': 0.049, 'compound': 0.6059},\n",
       " {'neg': 0.0, 'neu': 0.871, 'pos': 0.129, 'compound': 0.765},\n",
       " {'neg': 0.0, 'neu': 0.573, 'pos': 0.427, 'compound': 0.931},\n",
       " {'neg': 0.017, 'neu': 0.746, 'pos': 0.236, 'compound': 0.9716},\n",
       " {'neg': 0.066, 'neu': 0.82, 'pos': 0.114, 'compound': 0.7888},\n",
       " {'neg': 0.261, 'neu': 0.661, 'pos': 0.078, 'compound': -0.91},\n",
       " {'neg': 0.0, 'neu': 0.821, 'pos': 0.179, 'compound': 0.8171},\n",
       " {'neg': 0.151, 'neu': 0.789, 'pos': 0.06, 'compound': -0.7644},\n",
       " {'neg': 0.009, 'neu': 0.829, 'pos': 0.163, 'compound': 0.9665},\n",
       " {'neg': 0.076, 'neu': 0.859, 'pos': 0.065, 'compound': -0.1982},\n",
       " {'neg': 0.0, 'neu': 0.48, 'pos': 0.52, 'compound': 0.9548},\n",
       " {'neg': 0.019, 'neu': 0.843, 'pos': 0.139, 'compound': 0.9455},\n",
       " {'neg': 0.052, 'neu': 0.8, 'pos': 0.148, 'compound': 0.8536},\n",
       " {'neg': 0.074, 'neu': 0.795, 'pos': 0.131, 'compound': 0.5242},\n",
       " {'neg': 0.015, 'neu': 0.815, 'pos': 0.171, 'compound': 0.9643},\n",
       " {'neg': 0.018, 'neu': 0.896, 'pos': 0.085, 'compound': 0.8642},\n",
       " {'neg': 0.0, 'neu': 0.477, 'pos': 0.523, 'compound': 0.9474},\n",
       " {'neg': 0.0, 'neu': 0.891, 'pos': 0.109, 'compound': 0.7269},\n",
       " {'neg': 0.0, 'neu': 0.571, 'pos': 0.429, 'compound': 0.936},\n",
       " {'neg': 0.044, 'neu': 0.908, 'pos': 0.048, 'compound': 0.1759},\n",
       " {'neg': 0.046, 'neu': 0.725, 'pos': 0.229, 'compound': 0.9821},\n",
       " {'neg': 0.077, 'neu': 0.753, 'pos': 0.169, 'compound': 0.8985},\n",
       " {'neg': 0.152, 'neu': 0.789, 'pos': 0.059, 'compound': -0.9042},\n",
       " {'neg': 0.02, 'neu': 0.89, 'pos': 0.09, 'compound': 0.8945},\n",
       " {'neg': 0.061, 'neu': 0.771, 'pos': 0.168, 'compound': 0.9512},\n",
       " {'neg': 0.055, 'neu': 0.817, 'pos': 0.128, 'compound': 0.4458},\n",
       " {'neg': 0.014, 'neu': 0.798, 'pos': 0.187, 'compound': 0.9601},\n",
       " {'neg': 0.03, 'neu': 0.843, 'pos': 0.127, 'compound': 0.9081},\n",
       " {'neg': 0.055, 'neu': 0.71, 'pos': 0.234, 'compound': 0.9764},\n",
       " {'neg': 0.055, 'neu': 0.8, 'pos': 0.144, 'compound': 0.8614},\n",
       " {'neg': 0.016, 'neu': 0.883, 'pos': 0.102, 'compound': 0.9208},\n",
       " {'neg': 0.057, 'neu': 0.771, 'pos': 0.172, 'compound': 0.9231},\n",
       " {'neg': 0.061, 'neu': 0.74, 'pos': 0.198, 'compound': 0.9794},\n",
       " {'neg': 0.0, 'neu': 0.909, 'pos': 0.091, 'compound': 0.6482},\n",
       " {'neg': 0.097, 'neu': 0.677, 'pos': 0.226, 'compound': 0.8535},\n",
       " {'neg': 0.059, 'neu': 0.708, 'pos': 0.233, 'compound': 0.8516},\n",
       " {'neg': 0.0, 'neu': 0.608, 'pos': 0.392, 'compound': 0.9117},\n",
       " {'neg': 0.091, 'neu': 0.777, 'pos': 0.133, 'compound': 0.4939},\n",
       " {'neg': 0.105, 'neu': 0.744, 'pos': 0.151, 'compound': 0.8465},\n",
       " {'neg': 0.119, 'neu': 0.793, 'pos': 0.088, 'compound': -0.2508},\n",
       " {'neg': 0.066, 'neu': 0.777, 'pos': 0.158, 'compound': 0.8723},\n",
       " {'neg': 0.0, 'neu': 0.728, 'pos': 0.272, 'compound': 0.9774},\n",
       " {'neg': 0.035, 'neu': 0.772, 'pos': 0.193, 'compound': 0.9565},\n",
       " {'neg': 0.041, 'neu': 0.621, 'pos': 0.338, 'compound': 0.9731},\n",
       " {'neg': 0.0, 'neu': 0.794, 'pos': 0.206, 'compound': 0.7574},\n",
       " {'neg': 0.052, 'neu': 0.843, 'pos': 0.105, 'compound': 0.5901},\n",
       " {'neg': 0.0, 'neu': 0.728, 'pos': 0.272, 'compound': 0.9595},\n",
       " {'neg': 0.059, 'neu': 0.852, 'pos': 0.089, 'compound': 0.4331},\n",
       " {'neg': 0.0, 'neu': 0.724, 'pos': 0.276, 'compound': 0.9448},\n",
       " {'neg': 0.0, 'neu': 0.736, 'pos': 0.264, 'compound': 0.9337},\n",
       " {'neg': 0.077, 'neu': 0.874, 'pos': 0.048, 'compound': -0.3818},\n",
       " {'neg': 0.047, 'neu': 0.841, 'pos': 0.111, 'compound': 0.7748},\n",
       " {'neg': 0.0, 'neu': 0.721, 'pos': 0.279, 'compound': 0.9595},\n",
       " {'neg': 0.071, 'neu': 0.782, 'pos': 0.147, 'compound': 0.8472},\n",
       " {'neg': 0.0, 'neu': 0.703, 'pos': 0.297, 'compound': 0.8357},\n",
       " {'neg': 0.204, 'neu': 0.721, 'pos': 0.075, 'compound': -0.9745},\n",
       " {'neg': 0.195, 'neu': 0.651, 'pos': 0.154, 'compound': -0.1742},\n",
       " {'neg': 0.0, 'neu': 0.545, 'pos': 0.455, 'compound': 0.9349},\n",
       " {'neg': 0.166, 'neu': 0.744, 'pos': 0.09, 'compound': -0.9272},\n",
       " {'neg': 0.081, 'neu': 0.824, 'pos': 0.096, 'compound': 0.2315},\n",
       " {'neg': 0.205, 'neu': 0.795, 'pos': 0.0, 'compound': -0.9348},\n",
       " {'neg': 0.13, 'neu': 0.582, 'pos': 0.288, 'compound': 0.5574},\n",
       " {'neg': 0.156, 'neu': 0.774, 'pos': 0.07, 'compound': -0.6249},\n",
       " {'neg': 0.036, 'neu': 0.882, 'pos': 0.082, 'compound': 0.3997},\n",
       " {'neg': 0.108, 'neu': 0.747, 'pos': 0.145, 'compound': 0.3788},\n",
       " {'neg': 0.079, 'neu': 0.861, 'pos': 0.06, 'compound': -0.195},\n",
       " {'neg': 0.068, 'neu': 0.636, 'pos': 0.296, 'compound': 0.8885},\n",
       " {'neg': 0.0, 'neu': 0.814, 'pos': 0.186, 'compound': 0.7405},\n",
       " {'neg': 0.102, 'neu': 0.62, 'pos': 0.278, 'compound': 0.7579},\n",
       " {'neg': 0.159, 'neu': 0.726, 'pos': 0.115, 'compound': -0.9246},\n",
       " {'neg': 0.109, 'neu': 0.787, 'pos': 0.104, 'compound': 0.217},\n",
       " {'neg': 0.034, 'neu': 0.728, 'pos': 0.238, 'compound': 0.8594},\n",
       " {'neg': 0.039, 'neu': 0.897, 'pos': 0.064, 'compound': 0.4112},\n",
       " {'neg': 0.193, 'neu': 0.655, 'pos': 0.153, 'compound': -0.4717},\n",
       " {'neg': 0.157, 'neu': 0.658, 'pos': 0.185, 'compound': 0.1459},\n",
       " {'neg': 0.419, 'neu': 0.548, 'pos': 0.033, 'compound': -0.9735},\n",
       " {'neg': 0.0, 'neu': 0.733, 'pos': 0.267, 'compound': 0.8255},\n",
       " {'neg': 0.148, 'neu': 0.697, 'pos': 0.155, 'compound': 0.053},\n",
       " {'neg': 0.084, 'neu': 0.769, 'pos': 0.147, 'compound': 0.6901},\n",
       " {'neg': 0.0, 'neu': 0.796, 'pos': 0.204, 'compound': 0.85},\n",
       " {'neg': 0.234, 'neu': 0.485, 'pos': 0.28, 'compound': 0.3958},\n",
       " {'neg': 0.154, 'neu': 0.692, 'pos': 0.154, 'compound': 0.2267},\n",
       " {'neg': 0.096, 'neu': 0.714, 'pos': 0.19, 'compound': 0.9366},\n",
       " {'neg': 0.021, 'neu': 0.678, 'pos': 0.301, 'compound': 0.9755},\n",
       " {'neg': 0.107, 'neu': 0.564, 'pos': 0.328, 'compound': 0.9818},\n",
       " {'neg': 0.107, 'neu': 0.717, 'pos': 0.177, 'compound': 0.8923},\n",
       " {'neg': 0.135, 'neu': 0.599, 'pos': 0.266, 'compound': 0.7274},\n",
       " {'neg': 0.043, 'neu': 0.702, 'pos': 0.255, 'compound': 0.9887},\n",
       " {'neg': 0.017, 'neu': 0.72, 'pos': 0.263, 'compound': 0.9677},\n",
       " {'neg': 0.385, 'neu': 0.568, 'pos': 0.048, 'compound': -0.9416},\n",
       " {'neg': 0.219, 'neu': 0.746, 'pos': 0.035, 'compound': -0.9328},\n",
       " {'neg': 0.082, 'neu': 0.822, 'pos': 0.096, 'compound': 0.3975},\n",
       " {'neg': 0.014, 'neu': 0.866, 'pos': 0.12, 'compound': 0.9406},\n",
       " {'neg': 0.045, 'neu': 0.766, 'pos': 0.189, 'compound': 0.9708},\n",
       " {'neg': 0.136, 'neu': 0.587, 'pos': 0.277, 'compound': 0.9772},\n",
       " {'neg': 0.341, 'neu': 0.526, 'pos': 0.133, 'compound': -0.6919},\n",
       " {'neg': 0.317, 'neu': 0.534, 'pos': 0.149, 'compound': -0.9021},\n",
       " {'neg': 0.068, 'neu': 0.875, 'pos': 0.057, 'compound': -0.1672},\n",
       " {'neg': 0.0, 'neu': 0.644, 'pos': 0.356, 'compound': 0.9008},\n",
       " {'neg': 0.164, 'neu': 0.765, 'pos': 0.072, 'compound': -0.4433},\n",
       " {'neg': 0.288, 'neu': 0.712, 'pos': 0.0, 'compound': -0.7717},\n",
       " {'neg': 0.093, 'neu': 0.679, 'pos': 0.229, 'compound': 0.9549},\n",
       " {'neg': 0.162, 'neu': 0.701, 'pos': 0.137, 'compound': -0.6532},\n",
       " {'neg': 0.201, 'neu': 0.642, 'pos': 0.157, 'compound': -0.3665},\n",
       " {'neg': 0.272, 'neu': 0.675, 'pos': 0.053, 'compound': -0.8306},\n",
       " {'neg': 0.067, 'neu': 0.749, 'pos': 0.184, 'compound': 0.8481},\n",
       " {'neg': 0.0, 'neu': 0.623, 'pos': 0.377, 'compound': 0.9902},\n",
       " {'neg': 0.102, 'neu': 0.807, 'pos': 0.091, 'compound': -0.0724},\n",
       " {'neg': 0.151, 'neu': 0.763, 'pos': 0.086, 'compound': -0.4815},\n",
       " {'neg': 0.158, 'neu': 0.599, 'pos': 0.243, 'compound': 0.6447},\n",
       " {'neg': 0.163, 'neu': 0.721, 'pos': 0.116, 'compound': -0.0444},\n",
       " {'neg': 0.0, 'neu': 0.583, 'pos': 0.417, 'compound': 0.9678},\n",
       " {'neg': 0.0, 'neu': 0.645, 'pos': 0.355, 'compound': 0.9755},\n",
       " {'neg': 0.0, 'neu': 0.726, 'pos': 0.274, 'compound': 0.8566},\n",
       " {'neg': 0.037, 'neu': 0.705, 'pos': 0.258, 'compound': 0.9936},\n",
       " {'neg': 0.014, 'neu': 0.786, 'pos': 0.2, 'compound': 0.9654},\n",
       " {'neg': 0.029, 'neu': 0.803, 'pos': 0.167, 'compound': 0.9545},\n",
       " {'neg': 0.083, 'neu': 0.677, 'pos': 0.241, 'compound': 0.9841},\n",
       " {'neg': 0.123, 'neu': 0.755, 'pos': 0.122, 'compound': -0.0187},\n",
       " {'neg': 0.107, 'neu': 0.808, 'pos': 0.085, 'compound': -0.5106},\n",
       " {'neg': 0.072, 'neu': 0.928, 'pos': 0.0, 'compound': -0.5994},\n",
       " {'neg': 0.104, 'neu': 0.83, 'pos': 0.066, 'compound': -0.7849},\n",
       " {'neg': 0.203, 'neu': 0.757, 'pos': 0.04, 'compound': -0.9138},\n",
       " {'neg': 0.083, 'neu': 0.814, 'pos': 0.104, 'compound': 0.4019},\n",
